BOOT,protocol=cssp-rdmr-pli-v0.5.0,implementation=0.4.1,schema=rdmr-block-csv-v3,firmware_revision=17
CONFIG,protocol=cssp-rdmr-pli-v0.5.0,implementation=0.4.1,schema=rdmr-block-csv-v3,firmware_revision=17,run_id=1,scenario_id=812,algorithm=7,trajectory=0,noise=0,near_line=0,seed=1007,fs_hz=1000,sample_count=8000,block_size=50,tracker_search_mode=1,tracker_grid_points_max=32,pli_amplitude_u6=200000,value_scale=1000000,frequency_scale=1000,cycles=block_max
run_id,scenario_id,algorithm,seed,n,input,clean,output,true_frequency,estimated_frequency,estimated_frequency_next,tracker_calls,tracker_searches,tracker_grid_evaluations,state,cycles,block_cycles_total,block_cycles_mean,block_cycles_p95,residual_ratio,desired_energy,input_error_energy,output_error_energy,numeric_flags
1,812,7,1007,50,-20139,74297,69004,50000,50000,50000,1,0,0,2,4508,61043,1221,1158,23778,1657941,999943,277520,0
1,812,7,1007,100,23163,-71268,-67730,50000,50000,50000,1,0,0,2,1570,57058,1141,1161,24546,88319,999833,6265,0
1,812,7,1007,150,-84942,9483,-4337,50000,50000,50000,1,0,0,2,1567,56955,1139,1159,17875,1062586,999724,4292,0
1,812,7,1007,200,154540,60119,74990,50000,50000,50000,1,0,0,2,1588,57054,1141,1169,12783,2030073,999614,7927,0
1,812,7,1007,250,-174573,-80157,-84120,50000,50000,50000,1,0,0,2,1556,56951,1139,1158,9471,457865,999504,2355,0
1,812,7,1007,300,128522,34111,23939,50000,50000,50000,1,0,0,2,1581,57098,1142,1160,7803,462054,999394,2109,0
1,812,7,1007,350,-54348,40056,55971,50000,50000,50000,1,0,0,2,1572,57013,1140,1151,5783,2031670,999285,7849,0
1,812,7,1007,400,13199,-81200,-89737,50000,50000,50000,1,0,0,2,1574,57011,1140,1157,4311,1057403,999175,4549,0
1,812,7,1007,450,-38993,55400,49520,50000,50000,50000,1,0,0,2,1593,57034,1141,1163,7368,89916,999066,849,0
1,812,7,1007,500,110462,16073,31521,50000,50000,50000,1,0,0,2,1574,56735,1135,1151,5578,1662118,998957,6435,0
1,812,7,1007,550,-168678,-74295,-86576,50000,50000,50000,1,0,0,2,1571,57058,1141,1160,4141,1657929,998848,6683,0
1,812,7,1007,600,165643,71265,70254,50000,50000,50000,1,0,0,2,1571,56973,1139,1158,6075,88314,998738,943,0
1,812,7,1007,650,-103855,-9482,3987,50000,50000,50000,2,1,32,2,2716595,2771801,55436,1153,4871,1062577,998628,4243,0
1,812,7,1007,700,34250,-60117,-74941,50000,50000,50000,2,1,32,2,1587,56973,1139,1165,3673,2030062,998519,7943,0
1,812,7,1007,750,-14207,80154,84110,50000,50000,50000,2,1,32,2,1571,57086,1142,1159,3089,457859,998409,2357,0
1,812,7,1007,800,60246,-34110,-23937,50000,50000,50000,2,1,32,2,1584,56916,1138,1154,3335,462047,998300,2109,0
1,812,7,1007,850,-134406,-40055,-55970,50000,50000,50000,2,1,32,2,1595,56896,1138,1165,2655,2031656,998191,7849,0
1,812,7,1007,900,175543,81197,89733,50000,50000,50000,2,1,32,2,1585,56920,1138,1160,2121,1057394,998082,4549,0
1,812,7,1007,950,-149738,-55397,-49517,50000,50000,50000,2,1,32,2,1608,56910,1138,1161,5831,89910,997972,849,0
1,812,7,1007,1000,78262,-16073,-31521,50000,50000,50000,2,1,32,2,1575,56846,1137,1152,4501,1662106,997862,6435,0
1,812,7,1007,1050,-20037,74292,86573,50000,50000,50000,2,1,32,2,1579,56969,1139,1158,3387,1657917,997752,6683,0
1,812,7,1007,1100,23062,-71262,-70251,50000,50000,50000,2,1,32,2,1582,57024,1140,1160,5544,88309,997643,943,0
1,812,7,1007,1150,-84837,9481,-3988,50000,50000,50000,2,1,32,2,1591,56916,1138,1160,4498,1062565,997533,4243,0
1,812,7,1007,1200,154428,60115,74938,50000,50000,50000,2,1,32,2,1579,57024,1140,1168,3412,2030045,997424,7943,0
1,812,7,1007,1250,-174459,-80151,-84107,50000,50000,50000,3,2,64,2,2694008,2749357,54987,1161,2906,457852,997315,2357,0
1,812,7,1007,1300,128411,34108,23935,50000,50000,50000,3,2,64,2,1575,56975,1140,1156,3205,462038,997205,2109,0
1,812,7,1007,1350,-54243,40054,55969,50000,50000,50000,3,2,64,2,1582,56925,1139,1163,2563,2031640,997096,7849,0
1,812,7,1007,1400,13098,-81194,-89730,50000,50000,50000,3,2,64,2,1566,56787,1136,1159,2057,1057385,996987,4549,0
1,812,7,1007,1450,-38891,55395,49515,50000,50000,50000,3,2,64,2,1596,56920,1138,1148,5781,89904,996878,848,0
1,812,7,1007,1500,110354,16072,31521,50000,50000,50000,3,2,64,2,1585,56924,1138,1160,4466,1662092,996769,6435,0
1,812,7,1007,1550,-168566,-74289,-86570,50000,50000,50000,3,2,64,2,1561,56994,1140,1166,3362,1657905,996660,6683,0
1,812,7,1007,1600,165530,71259,70247,50000,50000,50000,3,2,64,2,1570,57006,1140,1160,5524,88304,996550,943,0
1,812,7,1007,1650,-103746,-9481,3989,50000,50000,50000,3,2,64,2,1573,56841,1137,1160,4483,1062555,996441,4243,0
1,812,7,1007,1700,34147,-60113,-74936,50000,50000,50000,3,2,64,2,1590,56979,1140,1161,3401,2030032,996332,7943,0
1,812,7,1007,1750,-14107,80148,84104,50000,50000,50000,3,2,64,2,1584,57031,1141,1160,2898,457846,996223,2357,0
1,812,7,1007,1800,60143,-34106,-23933,50000,50000,50000,3,2,64,2,1585,56951,1139,1159,3198,462032,996114,2109,0
1,812,7,1007,1850,-134297,-40053,-55968,50000,50000,50000,4,3,96,2,2692691,2747891,54958,1154,2558,2031627,996005,7849,0
1,812,7,1007,1900,175430,81191,89727,50000,50000,50000,4,3,96,2,1557,56980,1140,1159,2053,1057376,995895,4549,0
1,812,7,1007,1950,-149626,-55392,-49512,50000,50000,50000,4,3,96,2,1585,57075,1142,1155,5774,89899,995786,848,0
1,812,7,1007,2000,78155,-16072,-31521,50000,50000,50000,4,3,96,2,1568,57030,1141,1167,4461,1662081,995677,6435,0
1,812,7,1007,2050,-19936,74286,86568,50000,50000,50000,4,3,96,2,1582,56963,1139,1160,3358,1657894,995568,6683,0
1,812,7,1007,2100,22961,-71256,-70245,50000,50000,50000,4,3,96,2,1582,57010,1140,1164,5517,88299,995459,943,0
1,812,7,1007,2150,-84731,9480,-3989,50000,50000,50000,4,3,96,2,1569,56732,1135,1154,4478,1062546,995349,4243,0
1,812,7,1007,2200,154318,60111,74935,50000,50000,50000,4,3,96,2,1565,56897,1138,1156,3397,2030021,995240,7943,0
1,812,7,1007,2250,-174346,-80145,-84101,50000,50000,50000,4,3,96,2,1576,56915,1138,1160,2895,457840,995130,2357,0
1,812,7,1007,2300,128301,34104,23931,50000,50000,50000,4,3,96,2,1580,56949,1139,1154,3194,462025,995022,2109,0
1,812,7,1007,2350,-54139,40051,55967,50000,50000,50000,4,3,96,2,1584,57003,1140,1168,2555,2031615,994912,7849,0
1,812,7,1007,2400,12997,-81188,-89724,50000,50000,50000,4,3,96,2,1580,57015,1140,1164,2051,1057368,994803,4549,0
1,812,7,1007,2450,-38789,55390,49510,50000,50000,50000,5,4,128,2,2690840,2746160,54923,1154,5768,89894,994695,848,0
1,812,7,1007,2500,110247,16072,31521,50000,50000,50000,5,4,128,2,1587,56864,1137,1155,4456,1662069,994586,6435,0
1,812,7,1007,2550,-168454,-74284,-86565,50000,50000,50000,5,4,128,2,1565,56868,1137,1156,3354,1657882,994477,6683,0
1,812,7,1007,2600,165418,71253,70242,50000,50000,50000,5,4,128,2,1565,56966,1139,1155,5512,88294,994368,943,0
1,812,7,1007,2650,-103638,-9479,3990,50000,50000,50000,5,4,128,2,1585,56944,1139,1156,4473,1062537,994259,4243,0
1,812,7,1007,2700,34044,-60109,-74933,50000,50000,50000,5,4,128,2,1599,56981,1140,1165,3393,2030006,994150,7943,0
1,812,7,1007,2750,-14006,80141,84097,50000,50000,50000,5,4,128,2,1574,56967,1139,1165,2891,457833,994041,2357,0
1,812,7,1007,2800,60039,-34103,-23929,50000,50000,50000,5,4,128,2,1593,56840,1137,1151,3191,462018,993932,2109,0
1,812,7,1007,2850,-134188,-40050,-55966,50000,50000,50000,5,4,128,2,1587,57027,1141,1163,2552,2031601,993823,7849,0
1,812,7,1007,2900,175317,81185,89721,50000,50000,50000,5,4,128,2,1546,56832,1137,1152,2048,1057359,993713,4549,0
1,812,7,1007,2950,-149515,-55387,-49507,50000,50000,50000,5,4,128,2,1572,56814,1136,1155,5762,89889,993605,848,0
1,812,7,1007,3000,78049,-16072,-31521,50000,50000,50000,5,4,128,2,1566,56919,1138,1161,4451,1662055,993496,6435,0
1,812,7,1007,3050,-19834,74281,86562,50000,50000,50000,6,5,160,2,2701534,2756940,55139,1157,3350,1657868,993387,6683,0
1,812,7,1007,3100,22860,-71250,-70238,50000,50000,50000,6,5,160,2,1593,57147,1143,1162,5506,88289,993278,943,0
1,812,7,1007,3150,-84626,9478,-3991,50000,50000,50000,6,5,160,2,1583,56953,1139,1156,4469,1062526,993169,4243,0
1,812,7,1007,3200,154207,60107,74930,50000,50000,50000,6,5,160,2,1558,56966,1139,1155,3389,2029991,993060,7943,0
1,812,7,1007,3250,-174233,-80138,-84094,50000,50000,50000,6,5,160,2,1573,56789,1136,1150,2888,457826,992951,2357,0
1,812,7,1007,3300,128190,34101,23927,50000,50000,50000,6,5,160,2,1578,56956,1139,1154,3187,462010,992843,2109,0
1,812,7,1007,3350,-54034,40049,55964,50000,50000,50000,6,5,160,2,1569,56859,1137,1161,2550,2031585,992734,7849,0
1,812,7,1007,3400,12896,-81182,-89718,50000,50000,50000,6,5,160,2,1574,56812,1136,1153,2046,1057348,992626,4549,0
1,812,7,1007,3450,-38688,55385,49504,50000,50000,50000,6,5,160,2,1578,56905,1138,1153,5756,89884,992517,848,0
1,812,7,1007,3500,110140,16072,31521,50000,50000,50000,6,5,160,2,1564,56826,1137,1156,4446,1662043,992408,6435,0
1,812,7,1007,3550,-168341,-74278,-86559,50000,50000,50000,6,5,160,2,1561,56947,1139,1152,3347,1657857,992299,6683,0
1,812,7,1007,3600,165305,71247,70235,50000,50000,50000,6,5,160,2,1579,57128,1143,1160,5500,88284,992190,943,0
1,812,7,1007,3650,-103530,-9477,3992,50000,50000,50000,7,6,192,2,2681781,2737062,54741,1153,4464,1062516,992081,4242,0
1,812,7,1007,3700,33941,-60105,-74928,50000,50000,50000,7,6,192,2,1596,57013,1140,1160,3386,2029978,991973,7943,0
1,812,7,1007,3750,-13906,80135,84091,50000,50000,50000,7,6,192,2,1584,56897,1138,1154,2885,457820,991864,2357,0
1,812,7,1007,3800,59936,-34099,-23926,50000,50000,50000,7,6,192,2,1585,56872,1137,1161,3184,462003,991756,2109,0
1,812,7,1007,3850,-134079,-40048,-55963,50000,50000,50000,7,6,192,2,1601,56875,1138,1158,2547,2031570,991647,7849,0
1,812,7,1007,3900,175204,81179,89715,50000,50000,50000,7,6,192,2,1563,56903,1138,1154,2044,1057340,991539,4549,0
1,812,7,1007,3950,-149403,-55383,-49502,50000,50000,50000,7,6,192,2,1613,57043,1141,1155,5750,89878,991430,848,0
1,812,7,1007,4000,77942,-16072,-31521,50000,50000,50000,7,6,192,2,1583,56943,1139,1155,4442,1662029,991321,6435,0
1,812,7,1007,4050,-19733,74276,86557,50000,50000,50000,7,6,192,2,1576,56979,1140,1159,3343,1657845,991212,6683,0
1,812,7,1007,4100,22759,-71244,-70232,50000,50000,50000,7,6,192,2,1587,57009,1140,1166,5494,88279,991103,943,0
1,812,7,1007,4150,-84521,9477,-3993,50000,50000,50000,7,6,192,2,1578,56668,1133,1154,4459,1062504,990995,4242,0
1,812,7,1007,4200,154097,60103,74927,50000,50000,50000,7,6,192,2,1577,56912,1138,1166,3382,2029961,990886,7943,0
1,812,7,1007,4250,-174120,-80132,-84087,50000,50000,50000,8,7,224,2,2704685,2760019,55200,1156,2882,457814,990777,2357,0
1,812,7,1007,4300,128080,34097,23924,50000,50000,50000,8,7,224,2,1589,57052,1141,1164,3180,461995,990668,2109,0
1,812,7,1007,4350,-53930,40047,55962,50000,50000,50000,8,7,224,2,1579,56916,1138,1158,2544,2031554,990560,7849,0
1,812,7,1007,4400,12796,-81176,-89711,50000,50000,50000,8,7,224,2,1577,56923,1138,1163,2042,1057329,990451,4549,0
1,812,7,1007,4450,-38586,55380,49499,50000,50000,50000,8,7,224,2,1590,57036,1141,1159,5743,89873,990343,848,0
1,812,7,1007,4500,110033,16071,31521,50000,50000,50000,8,7,224,2,1569,56751,1135,1152,4437,1662016,990234,6435,0
1,812,7,1007,4550,-168230,-74273,-86554,50000,50000,50000,8,7,224,2,1571,56860,1137,1160,3340,1657832,990126,6683,0
1,812,7,1007,4600,165193,71242,70229,50000,50000,50000,8,7,224,2,1568,56911,1138,1156,5488,88274,990017,943,0
1,812,7,1007,4650,-103421,-9476,3994,50000,50000,50000,8,7,224,2,1597,56788,1136,1157,4454,1062496,989909,4242,0
1,812,7,1007,4700,33838,-60101,-74925,50000,50000,50000,8,7,224,2,1583,57048,1141,1159,3379,2029949,989801,7943,0
1,812,7,1007,4750,-13805,80129,84084,50000,50000,50000,8,7,224,2,1597,56938,1139,1160,2879,457807,989693,2357,0
1,812,7,1007,4800,59833,-34096,-23922,50000,50000,50000,8,7,224,2,1599,57063,1141,1155,3177,461989,989584,2109,0
1,812,7,1007,4850,-133970,-40046,-55961,50000,50000,50000,9,8,256,2,2677381,2732728,54655,1158,2541,2031542,989476,7849,0
1,812,7,1007,4900,175092,81173,89709,50000,50000,50000,9,8,256,2,1564,56809,1136,1158,2039,1057322,989368,4549,0
1,812,7,1007,4950,-149292,-55378,-49497,50000,50000,50000,9,8,256,2,1581,56850,1137,1151,5737,89868,989260,848,0
1,812,7,1007,5000,77836,-16071,-31520,50000,50000,50000,9,8,256,2,1583,57028,1141,1164,4432,1662004,989151,6435,0
1,812,7,1007,5050,-19631,74271,86552,50000,50000,50000,9,8,256,2,1576,56984,1140,1162,3336,1657821,989043,6683,0
1,812,7,1007,5100,22658,-71239,-70226,50000,50000,50000,9,8,256,2,1578,57090,1142,1164,5483,88270,988935,943,0
1,812,7,1007,5150,-84417,9475,-3995,50000,50000,50000,9,8,256,2,1568,57015,1140,1158,4450,1062486,988826,4242,0
1,812,7,1007,5200,153986,60099,74922,50000,50000,50000,9,8,256,2,1581,57022,1140,1162,3375,2029935,988718,7943,0
1,812,7,1007,5250,-174008,-80126,-84081,50000,50000,50000,9,8,256,2,1573,56839,1137,1159,2876,457801,988609,2357,0
1,812,7,1007,5300,127971,34094,23920,50000,50000,50000,9,8,256,2,1599,56990,1140,1155,3174,461982,988501,2109,0
1,812,7,1007,5350,-53826,40045,55960,50000,50000,50000,9,8,256,2,1561,56950,1139,1171,2538,2031528,988392,7849,0
1,812,7,1007,5400,12695,-81170,-89705,50000,50000,50000,9,8,256,2,1569,56835,1137,1154,2037,1057312,988284,4549,0
1,812,7,1007,5450,-38484,55375,49495,50000,50000,50000,10,9,288,2,2704545,2759838,55197,1157,5731,89863,988176,848,0
1,812,7,1007,5500,109927,16071,31520,50000,50000,50000,10,9,288,2,1561,56950,1139,1159,4427,1661990,988067,6435,0
1,812,7,1007,5550,-168118,-74268,-86549,50000,50000,50000,10,9,288,2,1567,56934,1139,1157,3332,1657808,987959,6683,0
1,812,7,1007,5600,165081,71236,70223,50000,50000,50000,10,9,288,2,1570,56952,1139,1153,5477,88265,987850,943,0
1,812,7,1007,5650,-103314,-9474,3996,50000,50000,50000,10,9,288,2,1598,56912,1138,1162,4445,1062475,987742,4242,0
1,812,7,1007,5700,33736,-60097,-74921,50000,50000,50000,10,9,288,2,1579,57037,1141,1167,3371,2029920,987634,7943,0
1,812,7,1007,5750,-13705,80123,84078,50000,50000,50000,10,9,288,2,1566,56936,1139,1152,2873,457795,987526,2357,0
1,812,7,1007,5800,59730,-34093,-23919,50000,50000,50000,10,9,288,2,1606,56724,1134,1151,3170,461974,987417,2108,0
1,812,7,1007,5850,-133862,-40044,-55959,50000,50000,50000,10,9,288,2,1577,56900,1138,1162,2536,2031513,987308,7849,0
1,812,7,1007,5900,174980,81167,89703,50000,50000,50000,10,9,288,2,1570,57061,1141,1164,2035,1057304,987200,4549,0
1,812,7,1007,5950,-149181,-55373,-49492,50000,50000,50000,10,9,288,2,1607,57122,1142,1159,5725,89858,987092,848,0
1,812,7,1007,6000,77730,-16071,-31520,50000,50000,50000,10,9,288,2,1577,57070,1141,1161,4423,1661978,986983,6435,0
1,812,7,1007,6050,-19530,74266,86546,50000,50000,50000,11,10,320,2,2680160,2735508,54710,1159,3329,1657798,986876,6683,0
1,812,7,1007,6100,22558,-71233,-70220,50000,50000,50000,11,10,320,2,1573,56964,1139,1156,5471,88260,986767,943,0
1,812,7,1007,6150,-84312,9473,-3996,50000,50000,50000,11,10,320,2,1587,56850,1137,1156,4440,1062465,986660,4242,0
1,812,7,1007,6200,153876,60095,74919,50000,50000,50000,11,10,320,2,1580,56999,1140,1161,3368,2029908,986552,7943,0
1,812,7,1007,6250,-173895,-80120,-84075,50000,50000,50000,11,10,320,2,1579,56873,1137,1154,2870,457789,986443,2357,0
1,812,7,1007,6300,127861,34091,23917,50000,50000,50000,11,10,320,2,1592,57056,1141,1157,3167,461967,986335,2108,0
1,812,7,1007,6350,-53722,40042,55958,50000,50000,50000,11,10,320,2,1589,57069,1141,1157,2533,2031498,986227,7849,0
1,812,7,1007,6400,12595,-81164,-89699,50000,50000,50000,11,10,320,2,1568,56965,1139,1159,2033,1057294,986119,4549,0
1,812,7,1007,6450,-38383,55371,49490,50000,50000,50000,11,10,320,2,1563,57060,1141,1161,5719,89852,986011,848,0
1,812,7,1007,6500,109820,16071,31520,50000,50000,50000,11,10,320,2,1586,56852,1137,1162,4418,1661963,985903,6435,0
1,812,7,1007,6550,-168007,-74263,-86543,50000,50000,50000,11,10,320,2,1565,57008,1140,1153,3325,1657784,985795,6683,0
1,812,7,1007,6600,164968,71230,70217,50000,50000,50000,11,10,320,2,1571,57054,1141,1157,5465,88255,985687,943,0
1,812,7,1007,6650,-103206,-9473,3997,50000,50000,50000,12,11,352,2,2715051,2770327,55407,1157,4436,1062453,985580,4242,0
1,812,7,1007,6700,33634,-60093,-74916,50000,50000,50000,12,11,352,2,1593,57208,1144,1166,3364,2029890,985471,7943,0
1,812,7,1007,6750,-13605,80116,84071,50000,50000,50000,12,11,352,2,1565,57012,1140,1158,2867,457782,985363,2357,0
1,812,7,1007,6800,59627,-34089,-23915,50000,50000,50000,12,11,352,2,1600,57018,1140,1154,3163,461958,985255,2108,0
1,812,7,1007,6850,-133753,-40041,-55956,50000,50000,50000,12,11,352,2,1587,57052,1141,1165,2530,2031480,985147,7849,0
1,812,7,1007,6900,174867,81161,89696,50000,50000,50000,12,11,352,2,1579,56848,1137,1156,2030,1057285,985039,4549,0
1,812,7,1007,6950,-149069,-55368,-49487,50000,50000,50000,12,11,352,2,1572,56941,1139,1157,5713,89847,984931,848,0
1,812,7,1007,7000,77624,-16071,-31520,50000,50000,50000,12,11,352,2,1578,57071,1141,1160,4413,1661949,984823,6435,0
1,812,7,1007,7050,-19430,74260,86541,50000,50000,50000,12,11,352,2,1576,57057,1141,1164,3322,1657771,984715,6683,0
1,812,7,1007,7100,22458,-71227,-70214,50000,50000,50000,12,11,352,2,1589,57150,1143,1163,5460,88250,984607,943,0
1,812,7,1007,7150,-84207,9472,-3998,50000,50000,50000,12,11,352,2,1571,57016,1140,1159,4431,1062442,984500,4242,0
1,812,7,1007,7200,153766,60091,74914,50000,50000,50000,12,11,352,2,1585,56997,1140,1161,3360,2029875,984392,7943,0
1,812,7,1007,7250,-173783,-80113,-84068,50000,50000,50000,13,12,384,2,2685233,2740499,54810,1148,2864,457776,984285,2357,0
1,812,7,1007,7300,127751,34087,23913,50000,50000,50000,13,12,384,2,1563,57138,1143,1156,3160,461950,984177,2108,0
1,812,7,1007,7350,-53618,40040,55955,50000,50000,50000,13,12,384,2,1582,56981,1140,1156,2527,2031464,984069,7849,0
1,812,7,1007,7400,12495,-81157,-89693,50000,50000,50000,13,12,384,2,1578,56814,1136,1157,2028,1057274,983961,4549,0
1,812,7,1007,7450,-38282,55366,49484,50000,50000,50000,13,12,384,2,1575,56945,1139,1157,5707,89841,983853,848,0
1,812,7,1007,7500,109713,16070,31520,50000,50000,50000,13,12,384,2,1558,56925,1139,1151,4408,1661933,983745,6435,0
1,812,7,1007,7550,-167895,-74257,-86538,50000,50000,50000,13,12,384,2,1555,56907,1138,1160,3318,1657757,983637,6683,0
1,812,7,1007,7600,164856,71224,70211,50000,50000,50000,13,12,384,2,1585,57071,1141,1161,5454,88245,983529,943,0
1,812,7,1007,7650,-103098,-9471,3999,50000,50000,50000,13,12,384,2,1601,56894,1138,1167,4426,1062429,983422,4242,0
1,812,7,1007,7700,33532,-60089,-74912,50000,50000,50000,13,12,384,2,1590,57037,1141,1163,3357,2029858,983314,7943,0
1,812,7,1007,7750,-13505,80110,84065,50000,50000,50000,13,12,384,2,1566,57158,1143,1166,2860,457769,983206,2357,0
1,812,7,1007,7800,59525,-34085,-23911,50000,50000,50000,13,12,384,2,1579,56904,1138,1159,3156,461942,983098,2108,0
1,812,7,1007,7850,-133645,-40039,-55954,50000,50000,50000,14,13,416,2,2700118,2755383,55108,1155,2525,2031447,982990,7849,0
1,812,7,1007,7900,174755,81154,89689,50000,50000,50000,14,13,416,2,1557,57073,1141,1164,2026,1057265,982882,4549,0
1,812,7,1007,7950,-148958,-55363,-49482,50000,50000,50000,14,13,416,2,1580,57107,1142,1159,5701,89836,982774,848,0
1,812,7,1007,8000,77518,-16070,-31520,50000,50000,50000,14,13,416,2,1580,56875,1138,1152,4404,1661921,982667,6435,0
STATS,rows=160,cycles_count=8000,cycles_mean=5518,cycles_median=1132,cycles_p95=1160,cycles_max=2716595,deadline_cycles=72000,deadline_violations=13,block_total_count=160,block_total_mean=275878,block_total_median=56965,block_total_p95=2746160,block_total_max=2771801,block_deadline_cycles=3600000,block_deadline_violations=0,tracker_cycle_count=14,tracker_cycles_mean=2503509,tracker_cycles_median=2694008,tracker_cycles_p95=2715051,tracker_cycles_max=2716595,tracker_searches=13,tracker_grid_evaluations=416,numeric_faults=0
DONE,rows=160,status=PASS
