BOOT,protocol=cssp-rdmr-pli-v0.3.0,implementation=0.3.2,schema=rdmr-block-csv-v2,firmware_revision=15
CONFIG,protocol=cssp-rdmr-pli-v0.3.0,implementation=0.3.2,schema=rdmr-block-csv-v2,firmware_revision=15,run_id=1,scenario_id=501,algorithm=0,trajectory=1,noise=1,near_line=0,seed=20260727,fs_hz=1000,sample_count=8000,block_size=50,pli_amplitude_u6=500000,value_scale=1000000,frequency_scale=1000,cycles=block_max
run_id,scenario_id,algorithm,seed,n,input,clean,output,true_frequency,estimated_frequency,estimated_frequency_next,tracker_calls,state,cycles,block_cycles_mean,block_cycles_p95,residual_ratio,desired_energy,input_error_energy,output_error_energy,numeric_flags
1,501,0,20260727,50,442794,74297,377357,49000,50000,50000,0,3,744,406,413,0,1657941,6367463,4978686,0
1,501,0,20260727,100,-498364,-71268,-355130,49000,50000,50000,0,3,418,401,413,0,88319,6263119,3035522,0
1,501,0,20260727,150,501708,9483,282450,49000,50000,50000,0,3,424,399,413,0,1062586,6219255,2174238,0
1,501,0,20260727,200,-437321,60119,-156473,49000,50000,50000,0,3,413,400,412,0,2030073,6039386,1866115,0
1,501,0,20260727,250,363699,-80157,41217,49000,50000,50000,0,3,419,398,413,0,457865,6139171,2119581,0
1,501,0,20260727,300,-325320,34111,12790,49000,50000,50000,0,3,421,400,418,0,462054,6238761,2531346,0
1,501,0,20260727,350,292625,40056,-33264,49000,50000,50000,0,3,419,399,413,0,2031670,6221150,2855004,0
1,501,0,20260727,400,-148160,-81200,138553,49000,50000,50000,0,3,425,400,416,0,1057403,6266836,3204679,0
1,501,0,20260727,450,-39412,55400,-261839,49000,50000,50000,0,3,419,401,418,0,89916,6325778,3487028,0
1,501,0,20260727,500,245464,16073,383855,49000,50000,50000,0,3,417,399,412,0,1662118,6222183,3589142,0
1,501,0,20260727,550,-442424,-74295,-483196,49000,50000,50000,0,3,419,400,413,0,1657929,6299425,3759943,0
1,501,0,20260727,600,525623,71265,464064,49000,50000,50000,0,3,416,400,415,0,88314,6228030,3905416,0
1,501,0,20260727,650,-503745,-9482,-348302,49000,50000,50000,0,3,417,399,415,0,1062577,6073334,3906998,0
1,501,0,20260727,700,449040,-60117,216258,49000,50000,50000,0,3,415,399,412,0,2030062,6168444,3982142,0
1,501,0,20260727,750,-338634,80154,-53411,49000,50000,50000,0,3,421,397,411,0,457859,6159781,3976764,0
1,501,0,20260727,800,319178,-34110,10206,49000,50000,50000,0,3,419,399,409,0,462047,6189827,3898415,0
1,501,0,20260727,850,-242109,-40055,60435,49000,50000,50000,0,3,418,401,412,0,2031656,6221121,3896051,0
1,501,0,20260727,900,167291,81197,-99677,49000,50000,50000,0,3,423,401,415,0,1057394,6282403,3865749,0
1,501,0,20260727,950,39043,-55397,245259,49000,50000,50000,0,3,415,399,411,0,89910,6550820,3911859,0
1,501,0,20260727,1000,-264254,-16073,-389394,49000,50000,50000,0,3,413,399,410,0,1662106,6337687,3671552,0
1,501,0,20260727,1050,435386,74292,465525,49000,50000,50000,0,3,423,400,413,0,1657917,6170791,3615703,0
1,501,0,20260727,1100,-519414,-71262,-449297,49000,50000,50000,0,3,419,401,417,0,88309,6315401,3718834,0
1,501,0,20260727,1150,494647,9481,332631,49000,50000,50000,0,3,424,399,417,0,1062565,6099225,3650850,0
1,501,0,20260727,1200,-414902,60115,-177798,49000,50000,50000,0,3,423,402,422,0,2030045,6081733,3777136,0
1,501,0,20260727,1250,354100,-80151,66504,49000,50000,50000,0,3,423,400,413,0,457852,6037721,3720811,0
1,501,0,20260727,1300,-298243,34108,11504,49000,50000,50000,0,3,428,401,419,0,462038,6130679,3850045,0
1,501,0,20260727,1350,260829,40054,-42343,49000,50000,50000,0,3,424,399,412,0,2031640,6202398,3803837,0
1,501,0,20260727,1400,-150162,-81194,117721,49000,50000,50000,0,3,422,402,415,0,1057385,6187019,3753773,0
1,501,0,20260727,1450,-13468,55395,-220990,49000,50000,50000,0,3,422,401,413,0,89904,6382048,3778437,0
1,501,0,20260727,1500,249429,16072,375879,49000,50000,50000,0,3,415,400,412,0,1662092,6301528,3673683,0
1,501,0,20260727,1550,-435578,-74289,-466873,49000,50000,50000,0,3,423,398,411,0,1657905,6298575,3661169,0
1,501,0,20260727,1600,501203,71259,434195,49000,50000,50000,0,3,424,400,414,0,88304,6073130,3587087,0
1,501,0,20260727,1650,-476521,-9481,-315478,49000,50000,50000,0,3,420,400,415,0,1062555,6210203,3834369,0
1,501,0,20260727,1700,435738,-60113,199369,49000,50000,50000,0,3,423,400,415,0,2030032,6068236,3689987,0
1,501,0,20260727,1750,-383116,80148,-95024,49000,50000,50000,0,3,419,399,414,0,457846,6195021,3863305,0
1,501,0,20260727,1800,308519,-34106,-3378,49000,50000,50000,0,3,419,401,416,0,462032,6254185,3838878,0
1,501,0,20260727,1850,-258985,-40053,46387,49000,50000,50000,0,3,422,402,419,0,2031627,6190930,3762328,0
1,501,0,20260727,1900,132248,81191,-136410,49000,50000,50000,0,3,415,400,415,0,1057376,6126306,3772638,0
1,501,0,20260727,1950,38117,-55392,247896,49000,50000,50000,0,3,423,400,418,0,89899,6293653,3669718,0
1,501,0,20260727,2000,-231160,-16072,-358198,49000,50000,50000,0,3,415,398,413,0,1662081,6354960,3777195,0
1,501,0,20260727,2050,451461,74286,481778,49000,50000,50000,0,3,424,399,413,0,1657894,6409852,3797699,0
1,501,0,20260727,2100,-520733,-71256,-451218,49000,50000,50000,0,3,415,400,415,0,88299,6227335,3682619,0
1,501,0,20260727,2150,503919,9480,342199,49000,50000,50000,0,3,424,400,415,0,1062546,6121538,3684622,0
1,501,0,20260727,2200,-435388,60111,-198031,49000,50000,50000,0,3,418,399,413,0,2030021,6108336,3712066,0
1,501,0,20260727,2250,353886,-80145,65811,49000,50000,50000,0,3,421,400,415,0,457840,6067316,3769929,0
1,501,0,20260727,2300,-314829,34104,-4310,49000,50000,50000,0,3,415,399,413,0,462025,6155413,3848640,0
1,501,0,20260727,2350,234162,40051,-69710,49000,50000,50000,0,3,423,400,419,0,2031615,6091007,3724980,0
1,501,0,20260727,2400,-156693,-81188,112557,49000,50000,50000,0,3,422,402,421,0,1057368,6466333,3920758,0
1,501,0,20260727,2450,-29842,55390,-238435,49000,50000,50000,0,3,415,399,415,0,89894,6303897,3744694,0
1,501,0,20260727,2500,238353,16072,363891,49000,50000,50000,0,3,424,398,415,0,1662069,6364541,3786630,0
1,501,0,20260727,2550,-449546,-74284,-480422,49000,50000,50000,0,3,421,399,415,0,1657882,6206408,3624146,0
1,501,0,20260727,2600,503911,71253,435507,49000,50000,50000,0,3,416,399,415,0,88294,6156000,3639109,0
1,501,0,20260727,2650,-499708,-9479,-338184,49000,50000,50000,0,3,418,401,415,0,1062537,6219122,3757640,0
1,501,0,20260727,2700,436079,-60109,199290,49000,50000,50000,0,3,422,399,415,0,2030006,6078785,3673219,0
1,501,0,20260727,2750,-362057,80141,-73190,49000,50000,50000,0,3,424,398,413,0,457833,6221636,3876860,0
1,501,0,20260727,2800,330751,-34103,19196,49000,50000,50000,0,3,422,400,417,0,462018,6061343,3695248,0
1,501,0,20260727,2850,-278727,-40050,27504,49000,50000,50000,0,3,422,402,421,0,2031601,6226991,3774790,0
1,501,0,20260727,2900,163443,81185,-107570,49000,50000,50000,0,3,417,400,411,0,1057359,6347719,3880863,0
1,501,0,20260727,2950,40123,-55387,250379,49000,50000,50000,0,3,424,400,418,0,89889,6380465,3813381,0
1,501,0,20260727,3000,-250814,-16072,-378489,49000,50000,50000,0,3,415,401,410,0,1662055,6397707,3789630,0
1,501,0,20260727,3050,421828,74281,452908,49000,50000,50000,0,3,413,398,412,0,1657868,6326261,3752131,0
1,501,0,20260727,3100,-501000,-71250,-433274,49000,50000,50000,0,3,418,400,413,0,88289,6147075,3617284,0
1,501,0,20260727,3150,503224,9478,342516,49000,50000,50000,0,3,424,400,416,0,1062526,6160018,3735101,0
1,501,0,20260727,3200,-425492,60107,-188079,49000,50000,50000,0,3,424,400,413,0,2029991,6198784,3769802,0
1,501,0,20260727,3250,374005,-80138,85778,49000,50000,50000,0,3,422,400,418,0,457826,6100290,3801174,0
1,501,0,20260727,3300,-321760,34101,-11157,49000,50000,50000,0,3,414,397,413,0,462010,6066488,3745051,0
1,501,0,20260727,3350,272490,40049,-31981,49000,50000,50000,0,3,419,399,415,0,2031585,6236685,3838078,0
1,501,0,20260727,3400,-176817,-81182,91938,49000,50000,50000,0,3,424,399,413,0,1057348,6404506,3939122,0
1,501,0,20260727,3450,-5152,55385,-213247,49000,50000,50000,0,3,415,400,410,0,89884,6353807,3772533,0
1,501,0,20260727,3500,232706,16072,358912,49000,50000,50000,0,3,423,400,410,0,1662043,6331137,3720277,0
1,501,0,20260727,3550,-442732,-74278,-473027,49000,50000,50000,0,3,424,400,415,0,1657857,6409147,3740128,0
1,501,0,20260727,3600,524463,71247,456085,49000,50000,50000,0,3,422,399,415,0,88284,6126301,3606804,0
1,501,0,20260727,3650,-529597,-9477,-368958,49000,50000,50000,0,3,424,401,418,0,1062516,6112896,3679841,0
1,501,0,20260727,3700,473295,-60105,236721,49000,50000,50000,0,3,422,401,415,0,2029978,6133086,3762782,0
1,501,0,20260727,3750,-376991,80135,-88636,49000,50000,50000,0,3,419,399,413,0,457820,6099199,3723983,0
1,501,0,20260727,3800,331881,-34099,21671,49000,50000,50000,0,3,423,400,415,0,462003,6051953,3809352,0
1,501,0,20260727,3850,-264076,-40048,39170,49000,50000,50000,0,3,412,400,410,0,2031570,6214394,3878477,0
1,501,0,20260727,3900,160620,81179,-107615,49000,50000,50000,0,3,418,401,415,0,1057340,6427019,3922370,0
1,501,0,20260727,3950,44352,-55383,252003,49000,50000,50000,0,3,424,400,417,0,89878,6442777,3817027,0
1,501,0,20260727,4000,-256714,-16072,-382545,49000,50000,50000,0,3,424,399,415,0,1662029,6298517,3691821,0
1,501,0,20260727,4050,152850,74276,213253,51000,50000,50000,0,3,420,400,415,0,1657845,6172355,2223153,0
1,501,0,20260727,4100,4294,-71244,-39851,51000,50000,50000,0,3,413,398,412,0,88279,6026328,609751,0
1,501,0,20260727,4150,-215994,9477,-150278,51000,50000,50000,0,3,410,397,408,0,1062504,6097442,448936,0
1,501,0,20260727,4200,421900,60103,306909,51000,50000,50000,0,3,412,398,412,0,2029961,6255941,967614,0
1,501,0,20260727,4250,-512954,-80132,-332023,51000,50000,50000,0,3,420,399,413,0,457814,6218043,1812166,0
1,501,0,20260727,4300,524149,34097,275080,51000,50000,50000,0,3,413,398,411,0,461995,6382756,2583669,0
1,501,0,20260727,4350,-438326,40047,-131916,51000,50000,50000,0,3,423,401,418,0,2031554,6324586,3198721,0
1,501,0,20260727,4400,353131,-81176,9612,51000,50000,50000,0,3,419,400,414,0,1057329,6206091,3594548,0
1,501,0,20260727,4450,-300061,55380,56304,51000,50000,50000,0,3,414,401,413,0,89873,6241115,3956377,0
1,501,0,20260727,4500,232653,16071,-108766,51000,50000,50000,0,3,413,400,411,0,1662016,6054342,4047363,0
1,501,0,20260727,4550,-163629,-74273,136143,51000,50000,50000,0,3,424,400,414,0,1657832,6000300,4116470,0
1,501,0,20260727,4600,30724,71242,-203423,51000,50000,50000,0,3,413,398,412,0,88274,6087182,4159477,0
1,501,0,20260727,4650,224497,-9476,373257,51000,50000,50000,0,3,419,400,415,0,1062496,6250489,4160701,0
1,501,0,20260727,4700,-406516,-60101,-456292,51000,50000,50000,0,3,416,400,413,0,2029949,6232071,4027114,0
1,501,0,20260727,4750,495668,80129,440626,51000,50000,50000,0,3,415,400,413,0,457807,6410392,4055135,0
1,501,0,20260727,4800,-500631,-34096,-348685,51000,50000,50000,0,3,418,400,411,0,461989,6418886,3829819,0
1,501,0,20260727,4850,460406,-40046,228178,51000,50000,50000,0,3,420,398,413,0,2031542,6437888,3723227,0
1,501,0,20260727,4900,-383598,81173,-96762,51000,50000,50000,0,3,419,399,413,0,1057322,6339957,3759835,0
1,501,0,20260727,4950,295302,-55378,-17426,51000,50000,50000,0,3,413,399,413,0,89868,6207766,3598779,0
1,501,0,20260727,5000,-264411,-16071,44221,51000,50000,50000,0,3,421,400,415,0,1662004,6223081,3645624,0
1,501,0,20260727,5050,170139,74271,-105428,51000,50000,50000,0,3,413,399,412,0,1657821,5993062,3521557,0
1,501,0,20260727,5100,-10773,-71239,205072,51000,50000,50000,0,3,417,401,416,0,88270,6073342,3665537,0
1,501,0,20260727,5150,-228993,9475,-362507,51000,50000,50000,0,3,421,400,419,0,1062486,6209641,3811767,0
1,501,0,20260727,5200,418230,60099,456625,51000,50000,50000,0,3,418,400,412,0,2029935,6108728,3679860,0
1,501,0,20260727,5250,-505859,-80126,-442715,51000,50000,50000,0,3,424,400,413,0,457801,6331212,3812329,0
1,501,0,20260727,5300,527309,34094,368978,51000,50000,50000,0,3,416,400,413,0,461982,6389987,3777512,0
1,501,0,20260727,5350,-460697,40045,-224199,51000,50000,50000,0,3,414,399,410,0,2031528,6357393,3650885,0
1,501,0,20260727,5400,387959,-81170,98324,51000,50000,50000,0,3,419,401,411,0,1057312,6252028,3647562,0
1,501,0,20260727,5450,-293718,55375,20650,51000,50000,50000,0,3,414,399,413,0,89863,6113773,3544303,0
1,501,0,20260727,5500,254738,16071,-54584,51000,50000,50000,0,3,417,400,413,0,1661990,6035076,3545533,0
1,501,0,20260727,5550,-162427,-74268,113733,51000,50000,50000,0,3,419,399,415,0,1657808,5931315,3521642,0
1,501,0,20260727,5600,-5655,71236,-221606,51000,50000,50000,0,3,423,402,417,0,88265,5965590,3665889,0
1,501,0,20260727,5650,236372,-9474,369952,51000,50000,50000,0,3,424,401,421,0,1062475,6070753,3788559,0
1,501,0,20260727,5700,-366760,-60097,-406642,51000,50000,50000,0,3,416,400,411,0,2029920,5961700,3572941,0
1,501,0,20260727,5750,515800,80123,455778,51000,50000,50000,0,3,414,399,412,0,457795,6154995,3715667,0
1,501,0,20260727,5800,-532041,-34093,-376914,51000,50000,50000,0,3,416,399,409,0,461974,6323437,3748891,0
1,501,0,20260727,5850,434745,-40044,200340,51000,50000,50000,0,3,419,401,418,0,2031513,6383655,3712669,0
1,501,0,20260727,5900,-366443,81167,-78620,51000,50000,50000,0,3,421,400,413,0,1057304,6209223,3593373,0
1,501,0,20260727,5950,314752,-55373,1587,51000,50000,50000,0,3,413,400,411,0,89858,6116543,3500164,0
1,501,0,20260727,6000,-251123,-16071,57704,51000,50000,50000,0,3,418,401,413,0,1661978,6192295,3657356,0
1,501,0,20260727,6050,149183,74266,-126338,51000,50000,50000,0,3,417,400,413,0,1657798,6102439,3622779,0
1,501,0,20260727,6100,-3641,-71233,211043,51000,50000,50000,0,3,423,398,409,0,88260,5987955,3661798,0
1,501,0,20260727,6150,-237064,9473,-370229,51000,50000,50000,0,3,424,401,421,0,1062465,6117887,3740317,0
1,501,0,20260727,6200,379665,60095,416077,51000,50000,50000,0,3,418,400,413,0,2029908,6147774,3776538,0
1,501,0,20260727,6250,-502649,-80120,-440305,51000,50000,50000,0,3,414,400,413,0,457789,6084890,3625838,0
1,501,0,20260727,6300,525131,34091,367922,51000,50000,50000,0,3,413,399,410,0,461967,6343790,3735930,0
1,501,0,20260727,6350,-446770,40042,-210644,51000,50000,50000,0,3,417,401,413,0,2031498,6414968,3703560,0
1,501,0,20260727,6400,347644,-81164,57235,51000,50000,50000,0,3,419,401,413,0,1057294,6322409,3587464,0
1,501,0,20260727,6450,-302567,55371,11928,51000,50000,50000,0,3,418,400,413,0,89852,6131858,3579191,0
1,501,0,20260727,6500,263272,16071,-45808,51000,50000,50000,0,3,421,400,414,0,1661963,6105177,3619497,0
1,501,0,20260727,6550,-163099,-74263,112624,51000,50000,50000,0,3,424,400,412,0,1657784,6097929,3632478,0
1,501,0,20260727,6600,-15504,71230,-229905,51000,50000,50000,0,3,418,400,412,0,88255,6055858,3736254,0
1,501,0,20260727,6650,222489,-9473,355090,51000,50000,50000,0,3,427,400,413,0,1062453,6088057,3731543,0
1,501,0,20260727,6700,-395055,-60093,-433025,51000,50000,50000,0,3,421,401,413,0,2029890,6199281,3678729,0
1,501,0,20260727,6750,522771,80116,460480,51000,50000,50000,0,3,414,400,413,0,457782,6218301,3729709,0
1,501,0,20260727,6800,-500144,-34089,-343671,51000,50000,50000,0,3,412,399,410,0,461958,6213200,3715410,0
1,501,0,20260727,6850,426862,-40041,191857,51000,50000,50000,0,3,413,400,411,0,2031480,6331688,3622180,0
1,501,0,20260727,6900,-362921,81161,-73905,51000,50000,50000,0,3,421,401,417,0,1057285,6251682,3592024,0
1,501,0,20260727,6950,309842,-55368,-3950,51000,50000,50000,0,3,413,399,413,0,89847,6114749,3546193,0
1,501,0,20260727,7000,-238807,-16071,70187,51000,50000,50000,0,3,413,398,413,0,1661949,6046386,3576157,0
1,501,0,20260727,7050,136546,74260,-139464,51000,50000,50000,0,3,424,400,416,0,1657771,6107950,3654743,0
1,501,0,20260727,7100,-22674,-71227,192670,51000,50000,50000,0,3,419,400,413,0,88250,6053668,3712266,0
1,501,0,20260727,7150,-204038,9472,-336877,51000,50000,50000,0,3,421,401,413,0,1062442,6169394,3814679,0
1,501,0,20260727,7200,384283,60091,422656,51000,50000,50000,0,3,421,400,411,0,2029875,6146553,3659402,0
1,501,0,20260727,7250,-522725,-80113,-461107,51000,50000,50000,0,3,413,400,410,0,457776,6184756,3700205,0
1,501,0,20260727,7300,529546,34087,373493,51000,50000,50000,0,3,419,400,414,0,461950,6325743,3707688,0
1,501,0,20260727,7350,-467797,40040,-232673,51000,50000,50000,0,3,421,399,413,0,2031464,6408757,3746183,0
1,501,0,20260727,7400,364200,-81157,76739,51000,50000,50000,0,3,422,400,417,0,1057274,6137170,3608215,0
1,501,0,20260727,7450,-299359,55366,13711,51000,50000,50000,0,3,419,401,411,0,89841,6201692,3600203,0
1,501,0,20260727,7500,273165,16070,-34191,51000,50000,50000,0,3,414,400,413,0,1661933,6091051,3636067,0
1,501,0,20260727,7550,-194068,-74257,80119,51000,50000,50000,0,3,421,400,413,0,1657757,5919700,3500506,0
1,501,0,20260727,7600,-14597,71224,-229746,51000,50000,50000,0,3,413,399,411,0,88245,6027993,3640977,0
1,501,0,20260727,7650,211503,-9471,345512,51000,50000,50000,0,3,424,399,412,0,1062429,6091423,3708940,0
1,501,0,20260727,7700,-401654,-60089,-439927,51000,50000,50000,0,3,415,399,413,0,2029858,6103095,3730357,0
1,501,0,20260727,7750,493787,80110,432219,51000,50000,50000,0,3,413,400,411,0,457769,6256033,3682112,0
1,501,0,20260727,7800,-514879,-34085,-359417,51000,50000,50000,0,3,412,398,410,0,461942,6193586,3703425,0
1,501,0,20260727,7850,428167,-40039,193540,51000,50000,50000,0,3,413,400,412,0,2031447,6369009,3692562,0
1,501,0,20260727,7900,-352591,81154,-64907,51000,50000,50000,0,3,421,400,416,0,1057265,6150505,3537394,0
1,501,0,20260727,7950,316040,-55363,2676,51000,50000,50000,0,3,410,399,410,0,89836,6266745,3673513,0
1,501,0,20260727,8000,-240727,-16070,68017,51000,50000,50000,0,3,422,399,413,0,1661921,6080734,3569500,0
STATS,rows=160,cycles_count=8000,cycles_mean=400,cycles_median=399,cycles_p95=415,cycles_max=744,deadline_cycles=0,deadline_violations=0,tracker_cycle_count=0,tracker_cycles_mean=0,tracker_cycles_median=0,tracker_cycles_p95=0,tracker_cycles_max=0,numeric_faults=0
DONE,rows=160,status=PASS
