BOOT,protocol=cssp-rdmr-pli-v0.3.0,implementation=0.3.2,schema=rdmr-block-csv-v2,firmware_revision=15
CONFIG,protocol=cssp-rdmr-pli-v0.3.0,implementation=0.3.2,schema=rdmr-block-csv-v2,firmware_revision=15,run_id=1,scenario_id=512,algorithm=3,trajectory=3,noise=1,near_line=0,seed=20260727,fs_hz=1000,sample_count=8000,block_size=50,pli_amplitude_u6=500000,value_scale=1000000,frequency_scale=1000,cycles=block_max
run_id,scenario_id,algorithm,seed,n,input,clean,output,true_frequency,estimated_frequency,estimated_frequency_next,tracker_calls,state,cycles,block_cycles_mean,block_cycles_p95,residual_ratio,desired_energy,input_error_energy,output_error_energy,numeric_flags
1,512,3,20260727,50,442794,74297,194997,49000,50000,50000,1,0,4049,1214,1159,109968,1657941,6367463,1657239,0
1,512,3,20260727,100,-498364,-71268,-102186,49000,50000,49175,2,0,4146931,84043,1151,263882,88319,6263119,155789,0
1,512,3,20260727,150,501708,9483,-1125,49000,49175,49006,3,0,6142995,123970,1162,201845,1062586,6219255,69263,0
1,512,3,20260727,200,-437321,60119,68534,49000,49006,49001,4,0,8215701,165424,1163,141949,2030073,6039386,22843,0
1,512,3,20260727,250,363699,-80157,-83916,49000,49001,49000,5,0,10218148,205478,1170,99588,457865,6139171,12952,0
1,512,3,20260727,300,-325320,34111,15399,49000,49000,49000,6,0,12191494,244945,1165,70043,462054,6238761,12716,0
1,512,3,20260727,350,292625,40056,86238,49000,49000,49000,7,0,14304661,287205,1160,49390,2031670,6221150,25255,0
1,512,3,20260727,400,-148160,-81200,-79528,49000,49000,49000,8,0,16736585,335848,1166,34659,1057403,6266836,11995,0
1,512,3,20260727,450,-39412,55400,33264,49000,49000,49000,9,0,16585580,332823,1154,26662,89916,6325778,9384,0
1,512,3,20260727,500,245464,16073,36881,49000,49000,49000,9,1,1825,1145,1156,18846,1662118,6222183,20265,0
1,512,3,20260727,550,-442424,-74295,-106157,49000,49000,49000,9,1,1595,1141,1159,13384,1657929,6299425,22744,0
1,512,3,20260727,600,525623,71265,74925,49000,49000,49000,10,1,16854253,338195,1167,13693,88314,6228030,13212,0
1,512,3,20260727,650,-503745,-9482,3657,49000,49000,49000,10,2,1571,1142,1162,10355,1062577,6073334,15236,0
1,512,3,20260727,700,449040,-60117,-58188,49000,49000,49000,10,2,1593,1145,1161,7384,2030062,6168444,20415,0
1,512,3,20260727,750,-338634,80154,106750,49000,49000,49000,10,2,1593,1145,1158,5401,457859,6159781,18896,0
1,512,3,20260727,800,319178,-34110,-18007,49000,49000,49000,10,2,1598,1147,1163,4495,462047,6189827,13117,0
1,512,3,20260727,850,-242109,-40055,-37875,49000,49000,49000,10,2,1590,1143,1160,3342,2031656,6221121,17869,0
1,512,3,20260727,900,167291,81197,107630,49000,49000,49000,10,2,1576,1142,1150,2477,1057394,6282403,15796,0
1,512,3,20260727,950,39043,-55397,-40827,49000,49000,49000,10,2,1576,1140,1152,8100,89910,6550820,15348,0
1,512,3,20260727,1000,-264254,-16073,-53547,49000,49000,49000,10,2,1579,1143,1163,5923,1662106,6337687,15829,0
1,512,3,20260727,1050,434524,74292,93750,49016,49000,49000,10,2,1575,1141,1153,4169,1657917,6170364,16911,0
1,512,3,20260727,1100,-517131,-71262,-69958,49033,49000,49000,10,2,1607,1145,1160,4063,88309,6317258,14997,0
1,512,3,20260727,1150,492822,9481,-10602,49049,49000,49000,10,2,1586,1146,1160,3123,1062565,6105557,11486,0
1,512,3,20260727,1200,-417902,60115,89535,49066,49000,49000,11,2,16689791,334910,1160,2339,2030045,6085790,17853,0
1,512,3,20260727,1250,368105,-80151,-85975,49083,49000,49000,11,2,1604,1145,1151,2374,457852,6041869,19658,0
1,512,3,20260727,1300,-329941,34108,31345,49099,49000,49000,11,2,1685,1147,1164,2947,462038,6111281,20225,0
1,512,3,20260727,1350,315746,40054,65728,49116,49000,49000,11,2,1573,1139,1167,2888,2031640,6174093,24462,0
1,512,3,20260727,1400,-230910,-81194,-95484,49133,49000,49000,11,2,1581,1144,1160,3284,1057385,6146128,14960,0
1,512,3,20260727,1450,91311,55395,73761,49149,49000,49000,11,2,1558,1145,1160,16229,89904,6353166,12915,0
1,512,3,20260727,1500,127772,16072,26326,49166,49000,49000,11,2,1573,1144,1164,12471,1662092,6308727,25515,0
1,512,3,20260727,1550,-309735,-74289,-83442,49183,49000,49000,11,2,1571,1146,1167,9639,1657905,6352422,20359,0
1,512,3,20260727,1600,388712,71259,51136,49199,49000,49000,11,2,1567,1143,1158,15237,88304,6169578,20925,0
1,512,3,20260727,1650,-398213,-9481,41548,49216,49000,49000,11,2,1583,1142,1157,10730,1062555,6229826,19666,0
1,512,3,20260727,1700,413473,-60113,-76009,49233,49000,49000,11,2,1567,1144,1160,8206,2030032,6173772,24034,0
1,512,3,20260727,1750,-437047,80148,64283,49249,49000,49000,11,2,1587,1145,1157,9336,457846,6170545,17998,0
1,512,3,20260727,1800,454214,-34106,-30367,49266,49000,49150,12,2,16768446,336481,1167,19161,462032,6206242,24235,0
1,512,3,20260727,1850,-504758,-40053,-54784,49283,49150,49150,12,2,1701,1143,1152,15436,2031627,6131050,25936,0
1,512,3,20260727,1900,477066,81191,78397,49299,49150,49150,12,2,1692,1145,1157,12378,1057376,5938666,16698,0
1,512,3,20260727,1950,-394123,-55392,-37951,49316,49150,49150,12,2,1557,1140,1163,27877,89899,6319587,18822,0
1,512,3,20260727,2000,266133,-16072,-3913,49333,49150,49150,12,2,1559,1141,1170,19798,1662081,6229719,16166,0
1,512,3,20260727,2050,-78765,74286,88179,49349,49150,49150,12,2,1573,1141,1160,14107,1657894,6292103,21861,0
1,512,3,20260727,2100,2700,-71256,-54091,49366,49150,49150,12,2,1577,1141,1156,26968,88299,6287633,19750,0
1,512,3,20260727,2150,31511,9480,-17865,49383,49150,49150,12,2,1584,1142,1159,21333,1062546,6268197,25713,0
1,512,3,20260727,2200,-58957,60111,90854,49399,49150,49150,12,2,1578,1142,1160,15887,2030021,6326984,22281,0
1,512,3,20260727,2250,114974,-80145,-109769,49416,49150,49150,12,2,1585,1146,1163,17944,457840,6255166,25728,0
1,512,3,20260727,2300,-247537,34104,38104,49433,49150,49150,12,2,1599,1143,1159,22076,462025,6196239,23426,0
1,512,3,20260727,2350,361600,40051,13175,49449,49150,49150,12,2,1585,1143,1162,18717,2031615,6338485,33839,0
1,512,3,20260727,2400,-488304,-81188,-80919,49466,49150,49337,13,2,16676342,334639,1164,15727,1057368,6189606,25700,0
1,512,3,20260727,2450,500211,55390,40147,49483,49337,49337,13,2,1571,1147,1160,22941,89894,6271094,20969,0
1,512,3,20260727,2500,-469082,16072,24014,49499,49337,49337,13,2,1601,1142,1166,16144,1662069,6124408,18898,0
1,512,3,20260727,2550,400138,-74284,-111016,49516,49337,49337,13,2,1593,1143,1153,11644,1657882,6303625,31174,0
1,512,3,20260727,2600,-441396,71253,58072,49533,49337,49337,13,2,1577,1140,1153,26048,88294,6239796,13449,0
1,512,3,20260727,2650,486795,-9479,13974,49549,49337,49337,13,2,1563,1141,1161,22678,1062537,6118314,28179,0
1,512,3,20260727,2700,-533859,-60109,-75707,49566,49337,49337,13,2,1570,1143,1161,17433,2030006,6212753,22187,0
1,512,3,20260727,2750,535061,80141,94550,49583,49337,49337,13,2,1568,1142,1162,18795,457833,6054301,20372,0
1,512,3,20260727,2800,-443553,-34103,-17364,49599,49337,49337,13,2,1583,1145,1161,16569,462018,6260599,19425,0
1,512,3,20260727,2850,333250,-40050,-52887,49616,49337,49337,13,2,1599,1140,1156,12116,2031601,6138365,25857,0
1,512,3,20260727,2900,-260462,81185,80659,49633,49337,49337,13,2,1586,1141,1153,11205,1057359,6159607,34378,0
1,512,3,20260727,2950,266008,-55387,-13516,49649,49337,49534,14,1,16914889,339409,1155,45832,89889,6151381,26837,0
1,512,3,20260727,3000,-285112,-16072,-45427,49666,49534,49534,14,1,1697,1144,1158,33924,1662055,6170261,21217,0
1,512,3,20260727,3050,286430,74281,86619,49683,49534,49534,14,1,1589,1146,1161,24829,1657868,6248320,18730,0
1,512,3,20260727,3100,-230903,-71250,-68116,49699,49534,49621,15,1,16871338,338537,1156,29474,88289,6171942,12869,0
1,512,3,20260727,3150,142985,9478,3490,49716,49621,49621,15,1,1561,1142,1160,22161,1062526,6272340,17235,0
1,512,3,20260727,3200,-24821,60107,77545,49733,49621,49621,15,1,1599,1146,1161,15766,2029991,6243732,27808,0
1,512,3,20260727,3250,-17081,-80138,-60972,49749,49621,49621,15,2,1590,1143,1159,11136,457826,6320984,11936,0
1,512,3,20260727,3300,14238,34101,4,49766,49621,49621,15,2,1577,1146,1155,9222,462010,6160185,23083,0
1,512,3,20260727,3350,28240,40049,79474,49783,49621,49621,15,2,1580,1140,1164,7323,2031585,6250257,34167,0
1,512,3,20260727,3400,-48713,-81182,-130295,49799,49621,49621,15,2,1580,1142,1169,6619,1057348,6391288,20669,0
1,512,3,20260727,3450,-7172,55385,87100,49816,49621,49621,15,2,1573,1140,1162,32268,89884,6264176,13023,0
1,512,3,20260727,3500,113916,16072,2034,49833,49621,49621,15,2,1570,1140,1154,24282,1662043,6242075,18747,0
1,512,3,20260727,3550,-222866,-74278,-81576,49849,49621,49621,15,2,1572,1141,1157,18163,1657857,6368847,21921,0
1,512,3,20260727,3600,235538,71247,63270,49866,49621,49621,15,2,1581,1145,1165,28216,88284,6202862,19549,0
1,512,3,20260727,3650,-212524,-9477,-7265,49883,49621,49621,15,2,1578,1142,1165,20956,1062516,6237848,19087,0
1,512,3,20260727,3700,173621,-60105,-53035,49899,49621,49792,16,2,16707797,335268,1166,15765,2029978,6244062,31055,0
1,512,3,20260727,3750,-140180,80135,79520,49916,49792,49792,16,2,1576,1145,1159,17478,457820,6332827,18403,0
1,512,3,20260727,3800,198613,-34099,-13126,49933,49792,49792,16,2,1590,1143,1159,17374,462003,6148618,13957,0
1,512,3,20260727,3850,-266008,-40048,-52344,49949,49792,49792,16,2,1586,1140,1158,13160,2031570,6150058,23854,0
1,512,3,20260727,3900,317039,81179,86214,49966,49792,49792,16,2,1574,1144,1159,9626,1057340,6071474,19377,0
1,512,3,20260727,3950,-271334,-55383,-19594,49983,49792,49792,16,2,1588,1148,1166,9894,89878,6122973,13903,0
1,512,3,20260727,4000,207804,-16072,-54457,49999,49792,49792,16,2,1572,1147,1174,7520,1662029,6252441,17649,0
1,512,3,20260727,4050,-169054,74276,89260,50016,49792,49792,16,2,1565,1143,1174,6401,1657845,6136972,27588,0
1,512,3,20260727,4100,167052,-71244,-78838,50033,49792,49792,16,2,1567,1141,1155,36474,88279,6283185,20116,0
1,512,3,20260727,4150,-223817,9477,330,50049,49792,49792,16,2,1566,1141,1152,30414,1062504,6185329,31808,0
1,512,3,20260727,4200,293554,60103,79112,50066,49792,49792,16,2,1582,1143,1157,22913,2029961,6032334,29116,0
1,512,3,20260727,4250,-279673,-80132,-60050,50083,49792,49792,16,2,1568,1140,1160,20599,457814,6305965,27027,0
1,512,3,20260727,4300,226324,34097,104,50099,49792,49985,17,2,16863855,338391,1158,17428,461995,6215685,20908,0
1,512,3,20260727,4350,-121302,40047,82393,50116,49985,49985,17,2,1581,1148,1160,13053,2031554,6237404,29424,0
1,512,3,20260727,4400,62507,-81176,-113076,50133,49985,49985,17,2,1588,1144,1163,10836,1057329,6138667,15625,0
1,512,3,20260727,4450,-76973,55380,63291,50149,49985,49985,17,2,1557,1141,1153,30521,89873,6225542,14290,0
1,512,3,20260727,4500,109495,16071,3411,50166,49985,49985,17,2,1578,1144,1156,22912,1662016,6109908,22059,0
1,512,3,20260727,4550,-160630,-74273,-76878,50183,49985,49985,17,2,1573,1143,1157,16774,1657832,6098066,20313,0
1,512,3,20260727,4600,153721,71242,81043,50199,49985,49985,17,2,1601,1137,1151,14914,88274,6197502,14573,0
1,512,3,20260727,4650,-15141,-9476,39841,50216,49985,49985,17,2,1582,1144,1158,12062,1062496,6319520,22138,0
1,512,3,20260727,4700,-74081,-60101,-98283,50233,49985,49985,17,2,1606,1145,1172,9861,2029949,6247538,23509,0
1,512,3,20260727,4750,106633,80129,74541,50249,49985,49985,17,2,1587,1142,1155,18085,457807,6215089,26188,0
1,512,3,20260727,4800,-100165,-34096,-16960,50266,49985,49985,17,2,1588,1145,1159,22394,461989,6313898,23483,0
1,512,3,20260727,4850,98351,-40046,-32770,50283,49985,49985,17,2,1586,1138,1153,17555,2031542,6362684,32363,0
1,512,3,20260727,4900,-109671,81173,49639,50299,49985,50183,18,2,16741685,335946,1164,14104,1057322,6036371,25520,0
1,512,3,20260727,4950,154245,-55378,-50299,50316,50183,50183,18,2,1596,1143,1160,19357,89868,6197422,18857,0
1,512,3,20260727,5000,-291575,-16071,-51824,50333,50183,50183,18,2,1577,1143,1162,14981,1662004,6162503,26090,0
1,512,3,20260727,5050,387902,74271,101083,50349,50183,50183,18,2,1572,1140,1155,11618,1657821,6325135,16217,0
1,512,3,20260727,5100,-426154,-71239,-86505,50366,50183,50183,18,2,1608,1148,1156,25540,88270,6244722,17449,0
1,512,3,20260727,5150,374686,9475,-15061,50383,50183,50183,18,2,1590,1144,1171,18771,1062486,6098902,17064,0
1,512,3,20260727,5200,-348622,60099,81503,50399,50183,50183,18,2,1588,1139,1156,13450,2029935,6317206,23357,0
1,512,3,20260727,5250,385212,-80126,-60179,50416,50183,50183,18,2,1554,1145,1159,11797,457801,6169173,21665,0
1,512,3,20260727,5300,-438435,34094,15420,50433,50183,50183,18,2,1573,1142,1161,15625,461982,6169175,18088,0
1,512,3,20260727,5350,523768,40045,54602,50449,50183,50183,18,2,1563,1143,1158,14198,2031528,6193285,24667,0
1,512,3,20260727,5400,-557596,-81170,-69853,50466,50183,50183,18,2,1539,1144,1161,13289,1057312,6300965,23104,0
1,512,3,20260727,5450,558449,55375,59218,50483,50183,50183,18,2,1581,1142,1164,36581,89863,6307238,22539,0
1,512,3,20260727,5500,-457191,16071,39736,50499,50183,50383,19,2,16810455,337322,1159,26321,1661990,6279696,29613,0
1,512,3,20260727,5550,373757,-74268,-86693,50516,50383,50383,19,2,1581,1146,1160,19360,1657808,6228523,24525,0
1,512,3,20260727,5600,-344546,71236,64913,50533,50383,50383,19,2,1576,1143,1157,30478,88265,6276448,12834,0
1,512,3,20260727,5650,371675,-9474,23523,50549,50383,50383,19,2,1584,1140,1156,24082,1062475,6325101,22235,0
1,512,3,20260727,5700,-307336,-60097,-33479,50566,50383,50383,19,2,1584,1140,1154,18420,2029920,6092040,23037,0
1,512,3,20260727,5750,284206,80123,73169,50583,50383,50383,19,2,1608,1141,1159,14064,457795,6150782,20041,0
1,512,3,20260727,5800,-161897,-34093,-18294,50599,50383,50383,19,2,1579,1142,1159,10767,461974,6146887,16553,0
1,512,3,20260727,5850,-32771,-40044,-94393,50616,50383,50383,19,2,1598,1146,1165,8657,2031513,6153471,26485,0
1,512,3,20260727,5900,153727,81167,108415,50633,50383,50383,19,2,1589,1141,1157,10263,1057304,6147136,25268,0
1,512,3,20260727,5950,-213919,-55373,-57935,50649,50383,50508,20,1,16853713,338187,1161,50324,89858,6023765,21897,0
1,512,3,20260727,6000,246258,-16071,-16320,50666,50508,50508,20,1,1692,1146,1163,36470,1661978,6227191,22569,0
1,512,3,20260727,6050,-284595,74266,61428,50683,50508,50508,20,1,1600,1145,1158,25726,1657798,6192653,25946,0
1,512,3,20260727,6100,343860,-71233,-64979,50699,50508,50614,21,1,16814691,337403,1157,32903,88260,6251631,17064,0
1,512,3,20260727,6150,-486297,9473,-35130,50716,50614,50614,21,1,1593,1142,1160,25301,1062465,6302839,16665,0
1,512,3,20260727,6200,529195,60095,48152,50733,50614,50614,21,1,1571,1141,1164,18748,2029908,6368436,15921,0
1,512,3,20260727,6250,-560404,-80120,-72808,50749,50614,50678,22,1,16758149,336275,1155,15402,457789,6155043,16589,0
1,512,3,20260727,6300,506339,34091,24047,50766,50678,50678,22,2,1600,1146,1166,11730,461967,6331899,13402,0
1,512,3,20260727,6350,-371324,40042,65989,50783,50678,50678,22,2,1577,1142,1155,8332,2031498,6342798,23150,0
1,512,3,20260727,6400,237235,-81164,-116744,50799,50678,50678,22,2,1570,1144,1160,6788,1057294,6203253,18721,0
1,512,3,20260727,6450,-177958,55371,57198,50816,50678,50678,22,2,1570,1144,1155,27685,89852,6099706,18244,0
1,512,3,20260727,6500,142029,16071,34853,50833,50678,50678,22,2,1568,1142,1158,20842,1661963,6112396,19850,0
1,512,3,20260727,6550,-58026,-74263,-72111,50849,50678,50678,22,2,1593,1144,1163,15102,1657784,6119898,23289,0
1,512,3,20260727,6600,-97085,71230,43099,50866,50678,50678,22,2,1598,1146,1159,20318,88255,6137238,18307,0
1,512,3,20260727,6650,278587,-9473,28830,50883,50678,50678,22,2,1590,1144,1159,16553,1062453,6156796,23231,0
1,512,3,20260727,6700,-428089,-60093,-79337,50899,50678,50678,22,2,1584,1145,1160,12899,2029890,6232126,22933,0
1,512,3,20260727,6750,538104,80116,99217,50916,50678,50678,22,2,1579,1142,1158,18299,457782,6251329,21901,0
1,512,3,20260727,6800,-504349,-34089,-7038,50933,50678,50678,22,2,1569,1141,1155,16350,461958,6239494,20438,0
1,512,3,20260727,6850,426050,-40041,-86537,50949,50678,50844,23,2,16705409,335218,1157,11501,2031480,6343559,19957,0
1,512,3,20260727,6900,-361442,81161,102481,50966,50844,50844,23,2,1562,1142,1161,9296,1057285,6267846,19404,0
1,512,3,20260727,6950,309587,-55368,-49024,50983,50844,50844,23,2,1585,1142,1152,34330,89847,6135222,19208,0
1,512,3,20260727,7000,-239241,-16071,-8689,51000,50844,50844,23,2,1565,1144,1164,25900,1661949,6069099,20232,0
1,512,3,20260727,7050,136709,74260,45392,51000,50844,50844,23,2,1584,1142,1153,19046,1657771,6130496,21897,0
1,512,3,20260727,7100,-22548,-71227,-78239,51000,50844,50844,23,2,1571,1144,1162,14580,88250,6076109,16473,0
1,512,3,20260727,7150,-204439,9472,-7156,51000,50844,50844,23,2,1591,1146,1165,11918,1062442,6192127,21299,0
1,512,3,20260727,7200,384921,60091,66661,51000,50844,50844,23,2,1565,1145,1161,9342,2029875,6169370,19337,0
1,512,3,20260727,7250,-523536,-80113,-97396,51000,50844,50844,23,2,1578,1142,1160,12287,457776,6207783,12446,0
1,512,3,20260727,7300,530452,34087,35497,51000,50844,50844,23,2,1560,1145,1161,10266,461950,6349108,19779,0
1,512,3,20260727,7350,-468709,40040,43701,51000,50844,50844,23,2,1572,1141,1159,7219,2031464,6432287,21653,0
1,512,3,20260727,7400,365029,-81157,-87342,51000,50844,50844,23,2,1576,1144,1156,7034,1057274,6160106,20725,0
1,512,3,20260727,7450,-300023,55366,61323,51000,50844,50961,24,2,17061350,342340,1159,30521,89841,6224614,16954,0
1,512,3,20260727,7500,273599,16070,54878,51000,50961,50961,24,2,1602,1144,1168,22707,1661933,6113626,17844,0
1,512,3,20260727,7550,-194230,-74257,-114741,51000,50961,50961,24,2,1593,1145,1166,16138,1657757,5941870,19069,0
1,512,3,20260727,7600,-14722,71224,45567,51000,50961,50961,24,2,1610,1148,1172,12517,88245,6050359,10415,0
1,512,3,20260727,7650,211904,-9471,13235,51000,50961,50961,24,2,1580,1143,1161,9430,1062429,6113977,14834,0
1,512,3,20260727,7700,-402291,-60089,-75495,51000,50961,50961,24,2,1560,1141,1156,7317,2029858,6125806,14010,0
1,512,3,20260727,7750,494598,80110,62829,51000,50961,50961,24,2,1558,1141,1148,6349,457769,6279147,17052,0
1,512,3,20260727,7800,-515783,-34085,-18460,51000,50961,50961,24,2,1566,1144,1158,5354,461942,6216664,17107,0
1,512,3,20260727,7850,429077,-40039,-87065,51000,50961,50961,24,2,1611,1142,1159,4090,2031447,6392427,14700,0
1,512,3,20260727,7900,-353419,81154,103857,51000,50961,50961,24,2,1589,1143,1156,3839,1057265,6173445,10979,0
1,512,3,20260727,7950,316703,-55363,-40450,51000,50961,50961,24,2,1609,1148,1168,13963,89836,6289760,15330,0
1,512,3,20260727,8000,-241160,-16070,-17650,51000,50961,50961,24,2,1581,1144,1162,10368,1661921,6103270,20240,0
STATS,rows=160,cycles_count=8000,cycles_mean=43718,cycles_median=1135,cycles_p95=1157,cycles_max=17061350,deadline_cycles=0,deadline_violations=0,tracker_cycle_count=24,tracker_cycles_mean=14193263,tracker_cycles_median=16736585,tracker_cycles_p95=16914889,tracker_cycles_max=17061350,numeric_faults=0
DONE,rows=160,status=PASS
