BOOT,protocol=cssp-rdmr-pli-v0.3.0,implementation=0.3.2,schema=rdmr-block-csv-v2,firmware_revision=14
CONFIG,protocol=cssp-rdmr-pli-v0.3.0,implementation=0.3.2,schema=rdmr-block-csv-v2,firmware_revision=14,run_id=1,scenario_id=511,algorithm=2,trajectory=3,noise=1,near_line=0,seed=20260727,fs_hz=1000,sample_count=8000,block_size=50,pli_amplitude_u6=500000,value_scale=1000000,frequency_scale=1000,cycles=block_max
run_id,scenario_id,algorithm,seed,n,input,clean,output,true_frequency,estimated_frequency,estimated_frequency_next,tracker_calls,state,cycles,block_cycles_mean,block_cycles_p95,residual_ratio,desired_energy,input_error_energy,output_error_energy,numeric_flags
1,511,2,20260727,50,442794,74297,195002,49000,50000,50000,1,0,4139,2066,2093,107338,1657941,6367463,1657291,0
1,511,2,20260727,100,-498364,-71268,-102286,49000,50000,49175,2,0,7468788,151371,2105,213595,88319,6263119,156056,0
1,511,2,20260727,150,501708,9483,-1093,49000,49175,49006,3,0,11054235,223082,2115,165568,1062586,6219255,69547,0
1,511,2,20260727,200,-437321,60119,68532,49000,49006,49001,4,0,14799050,297980,2100,116533,2030073,6039386,22846,0
1,511,2,20260727,250,363699,-80157,-83916,49000,49001,49000,5,0,18386468,369733,2112,81762,457865,6139171,12952,0
1,511,2,20260727,300,-325320,34111,15399,49000,49000,49000,6,0,21913926,440282,2091,57518,462054,6238761,12717,0
1,511,2,20260727,350,292625,40056,86238,49000,49000,49000,7,0,25745855,516916,2102,40609,2031670,6221150,25255,0
1,511,2,20260727,400,-148160,-81200,-79528,49000,49000,49000,8,0,29684683,595697,2097,28506,1057403,6266836,11995,0
1,511,2,20260727,450,-39412,55400,33264,49000,49000,49000,9,0,29347669,588949,2079,21268,89916,6325778,9384,0
1,511,2,20260727,500,245464,16073,36881,49000,49000,49000,10,0,29732855,596649,2095,15062,1662118,6222183,20265,0
1,511,2,20260727,550,-442424,-74295,-106157,49000,49000,49000,11,0,29611666,594229,2091,10726,1658148,6299425,22744,0
1,511,2,20260727,600,525623,71265,74925,49000,49000,49000,12,0,29783257,597658,2099,10057,88314,6228030,13212,0
1,511,2,20260727,650,-503745,-9482,3657,49000,49000,49000,13,0,29649060,594976,2095,7758,1062577,6073334,15236,0
1,511,2,20260727,700,449040,-60117,-58188,49000,49000,49000,14,0,29587988,593757,2091,5561,2030062,6168444,20415,0
1,511,2,20260727,750,-338634,80154,106750,49000,49000,49000,15,0,29742526,596846,2081,4093,457859,6159781,18896,0
1,511,2,20260727,800,319178,-34110,-18007,49000,49000,49000,16,0,29580199,593603,2097,3481,462047,6189827,13117,0
1,511,2,20260727,850,-242109,-40055,-37875,49000,49000,49000,17,0,29578713,593571,2094,2625,2031656,6221121,17869,0
1,511,2,20260727,900,167291,81197,107630,49000,49000,49000,18,0,29824778,598490,2073,1965,1057394,6282403,15796,0
1,511,2,20260727,950,39043,-55397,-40827,49000,49000,49000,19,0,30168875,605366,2066,5039,89910,6550820,15348,0
1,511,2,20260727,1000,-264254,-16073,-53547,49000,49000,49000,20,0,29740829,596813,2104,3769,1662106,6337687,15829,0
1,511,2,20260727,1050,434524,74292,93750,49016,49000,49000,21,0,29474586,591486,2079,2660,1657917,6170364,16911,0
1,511,2,20260727,1100,-517131,-71262,-69958,49033,49000,49000,22,0,29589004,593775,2087,2535,88309,6317258,14997,0
1,511,2,20260727,1150,492822,9481,-10602,49049,49000,49000,23,0,29593759,593874,2088,2033,1062565,6105557,11486,0
1,511,2,20260727,1200,-417902,60115,89535,49066,49000,49000,24,0,29577887,593557,2079,1570,2030045,6085790,17853,0
1,511,2,20260727,1250,368105,-80151,-85975,49083,49000,49000,25,0,29647899,594957,2076,1735,457852,6041869,19658,0
1,511,2,20260727,1300,-329941,34108,31345,49099,49000,49037,26,0,29591523,593830,2088,2326,462038,6111281,20225,0
1,511,2,20260727,1350,315746,40054,63575,49116,49037,49046,27,0,29632389,594643,2093,2278,2031640,6174093,23670,0
1,511,2,20260727,1400,-230910,-81194,-92124,49133,49046,49049,28,0,29683933,595674,2090,2319,1057385,6146128,13626,0
1,511,2,20260727,1450,91311,55395,69971,49149,49049,49087,29,0,29617784,594353,2078,6774,89904,6353166,11290,0
1,511,2,20260727,1500,127772,16072,32514,49166,49087,49096,30,0,29797735,597950,2084,5311,1662092,6308727,22676,0
1,511,2,20260727,1550,-309735,-74289,-89892,49183,49096,49136,31,0,29536428,592724,2087,4042,1657905,6352422,16733,0
1,511,2,20260727,1600,388712,71259,58586,49199,49136,49146,32,0,29664043,595279,2091,3575,88304,6169578,16230,0
1,511,2,20260727,1650,-398213,-9481,35623,49216,49146,49149,33,0,29728806,596573,2093,2881,1062555,6229826,17599,0
1,511,2,20260727,1700,413473,-60113,-72508,49233,49149,49149,34,0,29664614,595286,2080,2052,2030032,6173772,16055,0
1,511,2,20260727,1750,-437047,80148,63673,49249,49149,49149,35,0,29512868,592253,2074,1683,457846,6170545,11952,0
1,511,2,20260727,1800,454214,-34106,-32655,49266,49149,49187,36,0,29577539,593545,2080,4983,462032,6206242,13708,0
1,511,2,20260727,1850,-504758,-40053,-52994,49283,49187,49196,37,0,29450065,590994,2070,4537,2031627,6131050,21981,0
1,511,2,20260727,1900,477066,81191,76248,49299,49196,49236,38,0,29245144,586899,2085,4053,1057376,5938666,15234,0
1,511,2,20260727,1950,-394123,-55392,-33350,49316,49236,49246,39,0,29619006,594381,2104,10163,89899,6319587,15876,0
1,511,2,20260727,2000,266133,-16072,-10245,49333,49246,49286,40,0,29614119,594273,2081,7336,1662081,6229718,14536,0
1,511,2,20260727,2050,-78765,74286,97877,49349,49286,49296,41,0,29610410,594206,2079,5202,1657894,6292103,18853,0
1,511,2,20260727,2100,2700,-71256,-65359,49366,49296,49299,42,0,29591764,593837,2085,4508,88299,6287633,12708,0
1,511,2,20260727,2150,31511,9480,-6236,49383,49299,49299,43,0,29647396,594951,2107,3902,1062546,6268197,17866,0
1,511,2,20260727,2200,-58957,60111,79555,49399,49299,49299,44,0,29637601,594752,2097,2901,2030021,6326984,16298,0
1,511,2,20260727,2250,114974,-80145,-99343,49416,49299,49337,45,0,29587474,593744,2087,3752,457840,6255166,17479,0
1,511,2,20260727,2300,-247537,34104,26908,49433,49337,49346,46,0,30156760,605132,2103,4916,462025,6196239,13804,0
1,511,2,20260727,2350,361600,40051,23391,49449,49346,49386,47,0,29670799,595417,2102,4498,2031615,6338485,20324,0
1,511,2,20260727,2400,-488304,-81188,-90558,49466,49386,49396,48,0,29550428,593001,2077,3227,1057368,6189606,16339,0
1,511,2,20260727,2450,500211,55390,42454,49483,49396,49399,49,0,29572790,593457,2074,2919,89894,6271094,14326,0
1,511,2,20260727,2500,-469082,16072,22742,49499,49399,49437,50,0,29557082,593140,2081,2126,1662069,6124408,16641,0
1,511,2,20260727,2550,400138,-74284,-110093,49516,49437,49446,51,0,29554335,593088,2093,1522,1657882,6303625,27623,0
1,511,2,20260727,2600,-441396,71253,58392,49533,49446,49449,52,0,29695588,595907,2086,3945,88294,6239796,8969,0
1,511,2,20260727,2650,486795,-9479,12257,49549,49449,49487,53,0,29643385,594863,2087,4799,1062537,6118314,21647,0
1,511,2,20260727,2700,-533859,-60109,-71997,49566,49487,49496,54,0,29666045,595316,2085,3778,2030006,6212753,17202,0
1,511,2,20260727,2750,535061,80141,89114,49583,49496,49499,55,0,29818470,598366,2100,3867,457833,6054301,13004,0
1,511,2,20260727,2800,-443553,-34103,-10305,49599,49499,49537,56,0,29791458,597828,2079,3966,462018,6260599,14335,0
1,511,2,20260727,2850,333250,-40050,-62867,49616,49537,49546,57,0,29702552,596045,2086,2826,2031601,6138365,18228,0
1,511,2,20260727,2900,-260462,81185,92669,49633,49546,49549,58,0,29500502,592003,2079,2097,1057359,6159607,19817,0
1,511,2,20260727,2950,266008,-55387,-27019,49649,49549,49587,59,0,29935346,600703,2077,5199,89889,6151381,13611,0
1,511,2,20260727,3000,-285112,-16072,-40323,49666,49587,49596,60,0,29602349,594046,2102,4338,1662055,6170261,15668,0
1,511,2,20260727,3050,286430,74281,82050,49683,49596,49599,61,0,29531742,592634,2088,3544,1657868,6248320,16717,0
1,511,2,20260727,3100,-230903,-71250,-63337,49699,49599,49637,62,0,29744519,596890,2092,5353,88289,6171942,11254,0
1,511,2,20260727,3150,142985,9478,1782,49716,49637,49646,63,0,29941156,600816,2095,4826,1062526,6272340,15790,0
1,511,2,20260727,3200,-24821,60107,79481,49733,49646,49649,64,0,29577099,593539,2078,3554,2029991,6243732,26946,0
1,511,2,20260727,3250,-17081,-80138,-63142,49749,49649,49687,65,0,29697655,595948,2080,2538,457826,6320984,11319,0
1,511,2,20260727,3300,14238,34101,4808,49766,49687,49696,66,0,29636432,594731,2119,2806,462010,6160185,22073,0
1,511,2,20260727,3350,28240,40049,73680,49783,49696,49699,67,0,29639399,594787,2097,2441,2031585,6250257,31214,0
1,511,2,20260727,3400,-48713,-81182,-124247,49799,49699,49737,68,0,29592807,593853,2079,2257,1057348,6391288,18084,0
1,511,2,20260727,3450,-7172,55385,78597,49816,49737,49746,69,0,29712362,596240,2094,8593,89884,6264176,8385,0
1,511,2,20260727,3500,113916,16072,11312,49833,49746,49749,70,0,29567679,593347,2080,6634,1662043,6242075,13630,0
1,511,2,20260727,3550,-222866,-74278,-91029,49849,49749,49787,71,0,29534518,592682,2086,5020,1657857,6368847,16561,0
1,511,2,20260727,3600,235538,71247,75085,49866,49787,49796,72,0,29670865,595416,2091,3993,88284,6202862,11679,0
1,511,2,20260727,3650,-212524,-9477,-19837,49883,49796,49799,73,0,29552391,593045,2083,3082,1062516,6237848,12005,0
1,511,2,20260727,3700,173621,-60105,-40451,49899,49799,49837,74,0,29518734,592367,2084,2401,2029978,6244062,23358,0
1,511,2,20260727,3750,-140180,80135,75310,49916,49837,49846,75,0,29604367,594079,2074,3829,457820,6332827,12463,0
1,511,2,20260727,3800,198613,-34099,-9366,49933,49846,49849,76,0,29630545,594605,2092,5256,462003,6148618,11789,0
1,511,2,20260727,3850,-266008,-40048,-56154,49949,49849,49887,77,0,29703166,596058,2081,4260,2031570,6150058,21680,0
1,511,2,20260727,3900,317039,81179,92263,49966,49887,49896,78,0,29572468,593448,2095,3075,1057340,6071474,17373,0
1,511,2,20260727,3950,-271334,-55383,-26475,49983,49896,49899,79,0,29664975,595304,2098,2223,89878,6122973,10332,0
1,511,2,20260727,4000,207804,-16072,-47281,49999,49899,49937,80,0,29629383,594583,2094,1700,1662029,6252441,12769,0
1,511,2,20260727,4050,-169054,74276,79797,50016,49937,49946,81,0,29508193,592163,2110,1617,1657845,6136972,22878,0
1,511,2,20260727,4100,167052,-71244,-68545,50033,49946,49949,82,0,29644642,594887,2103,6623,88279,6283185,13017,0
1,511,2,20260727,4150,-223817,9477,-10166,50049,49949,49987,83,0,29577944,593558,2076,6251,1062504,6185329,22474,0
1,511,2,20260727,4200,293554,60103,91932,50066,49987,49996,84,0,29562611,593250,2097,4648,2029961,6032334,20621,0
1,511,2,20260727,4250,-279673,-80132,-74102,50083,49996,49999,85,0,29645339,594910,2099,3746,457814,6305965,16260,0
1,511,2,20260727,4300,226324,34097,14632,50099,49999,50037,86,0,29709726,596196,2096,2989,461995,6215685,11467,0
1,511,2,20260727,4350,-121302,40047,77332,50116,50037,50046,87,0,29822286,598443,2079,2450,2031554,6237404,22965,0
1,511,2,20260727,4400,62507,-81176,-108534,50133,50046,50049,88,0,29610428,594201,2089,2569,1057329,6138667,13122,0
1,511,2,20260727,4450,-76973,55380,58610,50149,50049,50087,89,0,29704464,596081,2082,9655,89873,6225542,11796,0
1,511,2,20260727,4500,109495,16071,10629,50166,50087,50096,90,0,29542655,592846,2089,7486,1662016,6109908,18194,0
1,511,2,20260727,4550,-160630,-74273,-85117,50183,50096,50099,91,0,29539376,592786,2094,5492,1657832,6098066,16426,0
1,511,2,20260727,4600,153721,71242,89737,50199,50099,50137,92,0,29759272,597186,2095,4060,88274,6197502,10955,0
1,511,2,20260727,4650,-15141,-9476,28292,50216,50137,50146,93,0,29653749,595081,2100,3205,1062496,6319520,15205,0
1,511,2,20260727,4700,-74081,-60101,-85708,50233,50146,50149,94,0,29666115,595315,2092,2668,2029949,6247538,16991,0
1,511,2,20260727,4750,106633,80129,61800,50249,50149,50187,95,0,29680274,595594,2095,5095,457807,6215089,15913,0
1,511,2,20260727,4800,-100165,-34096,-1779,50266,50187,50196,96,0,29667948,595360,2081,6178,461989,6313898,14844,0
1,511,2,20260727,4850,98351,-40046,-48764,50283,50196,50199,97,0,29632816,594652,2085,4726,2031542,6362684,19705,0
1,511,2,20260727,4900,-109671,81173,65377,50299,50199,50237,98,0,29584876,593698,2094,3420,1057322,6036371,13938,0
1,511,2,20260727,4950,154245,-55378,-55672,50316,50237,50246,99,0,29728756,596566,2090,3587,89868,6197422,13709,0
1,511,2,20260727,5000,-291575,-16071,-47450,50333,50246,50249,100,0,29578261,593556,2085,3378,1662004,6162503,23393,0
1,511,2,20260727,5050,387902,74271,96929,50349,50249,50287,101,0,29569854,593396,2092,2907,1657821,6325135,14447,0
1,511,2,20260727,5100,-426154,-71239,-80860,50366,50287,50296,102,0,29605511,594107,2078,6202,88270,6244722,14543,0
1,511,2,20260727,5150,374686,9475,-20652,50383,50296,50299,103,0,29615548,594301,2109,4625,1062486,6098902,13487,0
1,511,2,20260727,5200,-348622,60099,86496,50399,50299,50337,104,0,29548567,592962,2069,3305,2029935,6317206,17854,0
1,511,2,20260727,5250,385212,-80126,-65381,50416,50337,50346,105,0,29625366,594505,2084,2775,457801,6169173,15834,0
1,511,2,20260727,5300,-438435,34094,19674,50433,50346,50349,106,0,29731775,596639,2105,4005,461982,6169175,10988,0
1,511,2,20260727,5350,523768,40045,51906,50449,50349,50387,107,0,29591542,593820,2081,3959,2031528,6193285,14691,0
1,511,2,20260727,5400,-557596,-81170,-68882,50466,50387,50396,108,0,29608156,594159,2081,3423,1057312,6300965,15711,0
1,511,2,20260727,5450,558449,55375,60690,50483,50396,50399,109,0,29486343,591730,2111,4814,89863,6307238,9675,0
1,511,2,20260727,5500,-457191,16071,35622,50499,50399,50437,110,0,29590197,593797,2079,3426,1661990,6279696,17908,0
1,511,2,20260727,5550,373757,-74268,-84542,50516,50437,50446,111,0,29538916,592776,2096,2648,1657808,6228523,16020,0
1,511,2,20260727,5600,-344546,71236,62145,50533,50446,50486,112,0,29318717,588362,2079,6315,88265,6276448,10563,0
1,511,2,20260727,5650,371675,-9474,28821,50549,50486,50496,113,0,29715430,596300,2080,5696,1062475,6325101,19339,0
1,511,2,20260727,5700,-307336,-60097,-40459,50566,50496,50499,114,0,29666991,595334,2098,4574,2029920,6092040,17533,0
1,511,2,20260727,5750,284206,80123,81222,50583,50499,50499,115,0,29504268,592088,2087,3728,457795,6150782,16846,0
1,511,2,20260727,5800,-161897,-34093,-27058,50599,50499,50537,116,0,29560997,593218,2084,3206,461974,6146887,12848,0
1,511,2,20260727,5850,-32771,-40044,-82721,50616,50537,50546,117,0,29446343,590928,2100,2681,2031513,6153471,20700,0
1,511,2,20260727,5900,153727,81167,95873,50633,50546,50549,118,0,29565212,593294,2077,3048,1057304,6147136,17157,0
1,511,2,20260727,5950,-213919,-55373,-45742,50649,50549,50549,119,0,29697160,595938,2081,9071,89858,6023765,13443,0
1,511,2,20260727,6000,246258,-16071,-20277,50666,50549,50587,120,0,29671556,595424,2093,7162,1661978,6227191,18866,0
1,511,2,20260727,6050,-284595,74266,65839,50683,50587,50596,121,0,29590699,593808,2101,5036,1657798,6192653,22712,0
1,511,2,20260727,6100,343860,-71233,-68937,50699,50596,50636,122,0,29744003,596872,2079,7097,88260,6251631,12411,0
1,511,2,20260727,6150,-486297,9473,-34109,50716,50636,50646,123,0,29712965,596258,2078,6386,1062465,6302839,15230,0
1,511,2,20260727,6200,529195,60095,47743,50733,50646,50649,124,0,29616212,594316,2088,5220,2029908,6368436,15091,0
1,511,2,20260727,6250,-560404,-80120,-72998,50749,50649,50687,125,0,29665471,595306,2096,4968,457789,6155049,15523,0
1,511,2,20260727,6300,506339,34091,24299,50766,50687,50696,126,0,29700954,596010,2073,4493,461967,6331899,13206,0
1,511,2,20260727,6350,-371324,40042,65263,50783,50696,50699,127,0,29616674,594325,2100,3286,2031498,6342798,22807,0
1,511,2,20260727,6400,237235,-81164,-115619,50799,50699,50737,128,0,29787731,597749,2069,3057,1057294,6203253,18117,0
1,511,2,20260727,6450,-177958,55371,53566,50816,50737,50746,129,0,29750484,597001,2073,12134,89852,6099706,16623,0
1,511,2,20260727,6500,142029,16071,39818,50833,50746,50749,130,0,29674004,595474,2108,9385,1661963,6112396,17753,0
1,511,2,20260727,6550,-58026,-74263,-77548,50849,50749,50787,131,0,29528681,592568,2084,6912,1657784,6119898,21221,0
1,511,2,20260727,6600,-97085,71230,50917,50866,50787,50796,132,0,29558011,593152,2076,5865,88255,6137238,13003,0
1,511,2,20260727,6650,278587,-9473,21009,50883,50796,50799,133,0,29636712,594730,2090,5202,1062453,6156796,18286,0
1,511,2,20260727,6700,-428089,-60093,-72822,50899,50799,50837,134,0,29574471,593480,2105,4056,2029890,6232126,19801,0
1,511,2,20260727,6750,538104,80116,93821,50916,50837,50846,135,0,29565100,593302,2092,5581,457782,6251329,14787,0
1,511,2,20260727,6800,-504349,-34089,-4842,50933,50846,50849,136,0,29906500,600128,2077,4510,461958,6239494,12710,0
1,511,2,20260727,6850,426050,-40041,-85047,50949,50849,50887,137,0,29535261,592700,2101,3467,2031480,6343559,15204,0
1,511,2,20260727,6900,-361442,81161,100799,50966,50887,50896,138,0,29898794,599972,2092,2849,1057285,6267846,13434,0
1,511,2,20260727,6950,309587,-55368,-46333,50983,50896,50899,139,0,29691142,595815,2075,13102,89847,6135222,16877,0
1,511,2,20260727,7000,-239241,-16071,-12284,51000,50899,50899,140,0,29809833,598187,2083,10381,1661949,6069099,18071,0
1,511,2,20260727,7050,136709,74260,49553,51000,50899,50937,141,0,29562063,593229,2080,7892,1657771,6130496,19826,0
1,511,2,20260727,7100,-22548,-71227,-85061,51000,50937,50946,142,0,29643898,594879,2096,5833,88250,6076109,13730,0
1,511,2,20260727,7150,-204439,9472,54,51000,50946,50986,143,0,29522224,592438,2081,4878,1062442,6192131,17043,0
1,511,2,20260727,7200,384921,60091,58714,51000,50986,50996,144,0,29558740,593171,2111,3714,2029875,6169370,17593,0
1,511,2,20260727,7250,-523536,-80113,-91620,51000,50996,50999,145,0,29577201,593540,2094,3840,457776,6207783,8759,0
1,511,2,20260727,7300,530452,34087,33099,51000,50999,50999,146,0,29654535,595092,2113,3734,461950,6349108,16450,0
1,511,2,20260727,7350,-468709,40040,42254,51000,50999,50999,147,0,29704577,596091,2090,2936,2031464,6432287,17543,0
1,511,2,20260727,7400,365029,-81157,-82215,51000,50999,50999,148,0,29694734,595893,2082,3333,1057274,6160106,15958,0
1,511,2,20260727,7450,-300023,55366,53220,51000,50999,50999,149,0,29581653,593626,2080,4603,89841,6224614,13309,0
1,511,2,20260727,7500,273599,16070,58447,51000,50999,51000,150,0,29650687,595006,2080,3765,1661933,6113626,15996,0
1,511,2,20260727,7550,-194230,-74257,-117813,51000,51000,51000,151,0,29497685,591948,2092,2983,1657757,5941870,19459,0
1,511,2,20260727,7600,-14722,71224,48583,51000,51000,51000,152,0,29230357,586604,2096,4189,88245,6050359,10014,0
1,511,2,20260727,7650,211904,-9471,10477,51000,51000,51000,153,0,29491169,591813,2074,3559,1062429,6113977,14524,0
1,511,2,20260727,7700,-402291,-60089,-73286,51000,51000,51000,154,0,29606618,594133,2106,2967,2029858,6125806,13536,0
1,511,2,20260727,7750,494598,80110,61365,51000,51000,51000,155,0,29592164,593837,2074,2804,457769,6279147,17475,0
1,511,2,20260727,7800,-515783,-34085,-17924,51000,51000,51000,156,0,29678823,595568,2080,2788,461942,6216664,16579,0
1,511,2,20260727,7850,429077,-40039,-86656,51000,51000,51000,157,0,29532650,592643,2079,2500,2031447,6392427,14799,0
1,511,2,20260727,7900,-353419,81154,102567,51000,51000,51000,158,0,30099785,603991,2088,2697,1057265,6173445,10592,0
1,511,2,20260727,7950,316703,-55363,-38372,51000,51000,51000,159,0,29871226,599415,2099,5821,89836,6289760,14692,0
1,511,2,20260727,8000,-241160,-16070,-20291,51000,51000,51000,160,0,29718274,596357,2082,4427,1661921,6103270,19995,0
STATS,rows=160,cycles_count=8000,cycles_mean=581240,cycles_median=2044,cycles_p95=2097,cycles_max=30168875,deadline_cycles=72000,deadline_violations=159,tracker_cycle_count=160,tracker_cycles_mean=28962190,tracker_cycles_median=29614119,tracker_cycles_p95=29898794,tracker_cycles_max=30168875,numeric_faults=0
DONE,rows=160,status=PASS
